1 1 0 2 1 0 1 3 0 0 0 0 0 0 0 0 1
1.59254 1.04303 0.144981 2.25273 0.90548 -0.715777 0.661665 2.87513 0.707107 0.540567 0.0487254 0.250615 -0.478958 -0.334787 -0.366655 1.11995 1
1.80098 1.12774 0.627077 2.11077 1.35347 -1.81204 0.607805 2.82704 0.750628 0.413076 0.401359 -0.898782 0.417465 -0.131292 -0.119962 0.559973 1
1.81652 1.13916 0.64052 2.0714 1.61792 -1.03398 0.390769 2.6177 0.784072 0.0350616 0.138531 -0.498609 -0.516134 -0.548285 -0.0221773 0.559973 1
2.28476 1.56065 0.825279 0.805611 1.17724 1.70404 0.970496 2.48041 -1.24915 0.286768 0.0585039 -0.851314 -0.284455 0.323756 -0.518762 2.23989 2
2.27697 0.899593 2.29276 0.569203 1.81634 2.14615 0.655517 3.17304 -1.03884 -0.263407 -0.38496 0.249821 0.128002 -0.277197 -0.0551234 2.79987 2
1.60337 2.18381 1.81497 0.756859 1.43359 1.90714 2.41629 3.08731 0.941537 0.295766 -0.0651781 -0.0863211 0.111408 0.421752 0.187492 5.03976 2
1.61768 2.08173 1.60501 2.10562 0.997581 -2.53247 3.67324 3.65477 -0.0934061 -0.0625881 0.386204 -0.993984 -0.221139 0.874321 -0.142508 1.67992 2
1.62633 1.85116 1.61163 2.04818 0.962171 -2.64577 3.27401 3.93977 -1.14656 -0.419517 -0.00573677 0.122747 -0.323829 -0.934443 0.388953 0.559973 2
1.60197 2.19003 1.67349 2.22043 1.1443 -2.01084 3.54731 3.43798 -0.997595 0.205937 0.0363942 -0.154507 -0.462134 0.346618 0.0520445 1.67992 3
2.27477 1.89802 -2.49245 2.11784 0.979121 -2.24227 3.718 3.2373 -0.734351 -0.539834 -0.443772 0.118106 -0.233191 0.160134 0.196683 1.67992 3
2.29899 1.91638 -2.49344 1.97577 0.843059 -2.51332 4.95883 3.11968 0.545336 -0.0138164 0.00649127 0.0896904 -0.268124 0.607126 0.189322 2.23989 3
1.8733 1.84033 2.84704 2.22207 0.990486 -2.69114 5.36168 3.2222 -0.0469447 0.816129 -0.397657 -0.5226 0.123101 0.766962 -0.273765 0.559973 3
2.20766 1.64983 2.40042 1.78214 0.770728 -2.6655 5.62094 3.14991 -0.496854 -0.705524 0.226253 0.894137 0.0104252 0.493515 -0.320105 0.559973 3
2.57372 2.378 -0.190448 1.79087 0.7753 -2.65215 5.22052 3.57223 -1.12715 0.997371 -0.44125 -0.00895314 -0.264731 -0.537924 0.209902 1.11995 3
2.49143 2.39096 -0.121963 1.79033 0.775013 -2.65383 5.10286 3.95025 -1.41096 -0.0757429 -0.162939 0.000555846 -0.502334 -0.361127 0.141931 1.11995 3
4.6329 2.89176 0.581424 1.08007 1.40699 1.19955 5.90528 3.4515 0.29873 0.453586 0.0625738 -0.394785 -0.375645 0.21626 0.309179 5.03976 3
5.11803 2.88114 -0.625172 0.964987 1.01922 1.36504 7.08988 3.52161 -0.180514 0.312717 -0.437466 -0.245423 -0.081552 0.726124 -0.0798304 1.67992 3
5.27583 2.81695 -0.147601 0.778519 1.48788 2.5339 8.24204 3.70289 0.492642 0.553346 0.50695 0.774179 0.412439 0.270147 0.112784 4.47978 4
5.53447 2.29566 -2.07288 0.720146 1.52845 2.53452 9.41827 3.92731 -0.11558 0.413677 -0.513626 0.0430831 0.00173762 0.737033 -0.0996964 1.67992 4
5.49583 2.22979 -2.1297 1.17537 1.30732 2.84429 9.66092 3.96383 0.414314 0.138862 -0.147727 -0.923851 -0.121329 0.451418 0.403439 0.559973 4
7.24093 2.33064 2.24516 2.25513 2.93117 -0.876307 10.1899 3.93232 -0.533273 -0.464638 0.184562 0.860279 -0.19411 -0.704222 -0.331669 4.47978 4
6.57623 3.04121 2.40054 3.0852 2.38311 -0.290813 10.3892 3.58845 -1.55792 0.44272 0.0318946 0.458649 0.115534 -0.968967 -0.458321 2.23989 4
6.9878 2.86447 3.07137 2.47511 2.2791 0.628539 9.85511 2.72472 -2.69127 -0.276617 -0.2859 -0.388625 -0.279253 0.649683 -0.208382 1.67992 4
7.48189 3.36252 -1.49259 2.63877 2.40236 0.662556 9.47804 3.32723 0.668062 -0.361837 -0.407738 0.0931352 0.0331914 0.475131 -0.510057 2.23989 4
7.48085 3.43712 -1.62104 2.958 2.52239 0.0567034 10.3478 3.94741 0.570797 -0.022622 0.331429 0.104947 -0.336565 0.323833 -0.0182013 3.35984 4
8.14728 3.05363 0.576723 3.99451 3.0166 0.83313 10.4418 3.99761 0.410219 0.431183 0.433916 0.535298 0.131103 0.0484887 -0.292429 2.23989 4
8.48116 3.13907 -0.0756938 4.23937 3.76255 1.67412 9.54649 3.73815 0.153927 0.212623 -0.356076 0.490143 0.205053 -0.566484 0.0547848 1.67992 4
8.55764 3.13425 -0.050116 4.225 3.93381 1.63485 9.83215 3.87901 0.762327 0.139328 0.0666572 0.312505 -0.0456655 0.588126 0.359797 0.559973 4
9.02949 2.84795 -1.04063 3.53462 3.63907 -0.827857 8.01786 3.2673 -0.111934 0.149388 -0.331713 -0.254617 0.465607 -0.513508 0.0882133 3.91981 4
8.86805 2.99471 -0.434996 4.42062 3.29983 0.0965241 7.94801 3.27537 -0.118218 0.883937 -0.500318 0.198661 0.185833 -0.0142044 0.0178731 5.03976 4
8.47589 3.08545 -0.0197286 4.64398 2.3799 -2.76175 7.05265 3.93787 -1.15583 -0.245712 -0.20206 -0.992436 -0.396186 -0.7063 0.176223 1.67992 4
9.21215 3.42589 0.885947 4.10077 2.8605 1.31308 7.88068 2.47771 -0.954049 0.381619 0.212492 -0.7521 -0.457662 0.764297 0.0239959 2.23989 5
10.1309 3.6624 -0.382038 4.79246 3.0798 -0.699041 4.85342 2.53965 0.913129 0.230772 -0.244745 0.196409 -0.435801 -0.799311 -0.105785 4.47978 5
10.7972 2.75049 -1.49759 5.50494 3.11108 0.786786 6.14427 2.35347 -1.19963 0.721295 -0.185315 0.474698 0.362622 0.959119 -0.26092 1.67992 5
10.6797 2.41792 -2.32308 3.52047 2.68843 -0.367105 4.42259 2.99022 0.491142 0.0733169 -0.426936 -0.433551 0.107123 -0.418993 -0.161621 5.03976 6
11.6261 2.50851 2.51395 4.10314 3.39787 2.13349 4.2629 2.92238 0.312306 -0.236117 0.271522 0.274867 0.392108 -0.0394849 0.203037 4.47978 6
10.3267 2.41835 -2.37538 3.41782 3.70332 -2.97205 4.10726 2.85037 0.554336 0.857118 0.194621 0.48211 0.28786 -0.104188 -0.27447 1.67992 6
11.6335 3.35771 -2.66126 3.81843 3.30147 1.39814 2.56494 2.3418 0.0827012 -0.734018 0.0353913 0.689666 0.522632 -0.74507 0.0574827 2.23989 7
12.3273 2.25216 0.640542 4.08666 2.57793 2.45348 2.14631 2.85036 -1.84689 -0.506996 0.296476 -0.210043 -0.255313 -0.20083 0.462944 3.91981 7
12.8959 2.54291 0.304838 3.31773 2.82016 -3.06383 2.11754 3.75011 -1.23076 0.583287 -0.104264 0.751111 0.18331 -0.831462 -0.133924 1.11995 7
13.2333 2.7936 0.973039 3.20984 2.80335 -2.91025 2.10269 3.97003 -1.77603 0.778726 0.302452 0.198733 0.273948 -0.405762 0.454539 0.559973 7
12.97 3.90655 2.63314 2.88313 2.75481 -3.07795 1.39038 3.15615 -2.80345 0.779621 0.252592 0.200412 -0.101083 0.685234 -0.17978 1.67992 7
13.4652 3.59714 2.53315 1.56853 2.20699 -2.41555 2.07794 3.24093 3.04882 -0.265536 0.0342193 0.659343 0.0910781 -0.317342 0.122822 2.23989 8
13.6828 2.8332 1.16319 0.599136 1.77358 -3.02678 1.94241 3.23235 -2.92233 0.623083 0.308432 0.217895 -0.112857 0.582237 0.429215 5.03976 8
13.6604 2.76736 1.32353 1.59966 2.16259 -2.51478 1.51244 3.13568 -2.91854 -0.0632764 -0.431741 -0.98664 -0.0940715 0.400642 0.00172246 1.11995 8
13.371 2.13324 0.961776 1.34774 1.96214 -2.4242 1.11895 1.43248 -0.677145 -0.254856 0.102868 0.117108 0.0561935 0.791175 0.203192 2.79987 9
13.72 2.56486 0.819999 1.22161 2.59 -0.320877 0.977192 1.88263 -1.85428 0.505004 -0.0510002 -0.705172 -0.496922 -0.454848 0.439804 1.11995 9
13.8116 2.66192 0.808122 0.89988 2.75513 -0.627495 0.248079 0.957869 -2.62261 0.0606834 -0.01779 -0.165023 0.167333 0.548679 -0.12662 2.23989 9
12.3184 2.6955 -0.853084 1.92931 0.0133626 -1.79575 0.611043 0.986674 2.78099 -0.509174 0.195212 0.940021 -0.0751788 0.700179 0.437495 3.35984 9
