1 1 0 2 1 0 1 3 0 0 0 0 0 0 0 0 1
1.68624 1.01825 0.0531737 2.19542 1.03101 0.314763 1.65975 3.58934 1.45817 0.624153 0.0154885 0.180621 0.306842 0.880148 0.292579 1.11995 1
2.03801 0.825145 -1.05725 1.45078 0.72597 0.462833 2.22812 2.82761 2.96551 -0.447487 -0.483788 -0.183053 -0.0367512 -0.237891 -0.280422 4.47978 1
2.23314 0.407025 -1.21108 1.74889 0.982546 0.958484 2.59584 2.64178 2.38184 0.839754 -0.0665124 0.722501 0.244473 -0.759839 0.272384 0.559973 1
2.13743 0.628403 -1.11439 2.20882 1.22909 0.0256591 2.79964 2.51573 2.79351 -0.438683 -0.0799776 0.984103 -0.331936 -0.438787 -0.328785 0.559973 1
0.93791 0.38941 1.50772 2.02141 2.12828 -2.75629 2.93516 3.24879 -0.0175426 -0.377091 -0.306133 -0.295128 0.404801 0.241424 -0.486778 4.47978 2
0.845529 0.804724 2.07162 2.12161 2.18948 -2.43037 3.20764 3.36801 0.842473 0.783916 0.255847 -0.214419 -0.504927 0.557783 0.510999 0.559973 2
0.439583 1.69381 1.92661 1.08424 1.73405 -3.02544 4.4549 3.5084 -0.618308 0.592867 -0.0296395 0.696868 -0.103137 0.832787 -0.209497 1.67992 2
1.32103 1.84182 -1.59388 1.20894 2.39655 -0.488261 4.04406 3.60862 0.139783 -0.571421 -0.414109 0.601177 -0.515397 -0.196904 -0.336679 2.23989 3
1.52995 1.43962 -0.589575 1.45645 2.05627 -1.39558 4.35445 3.79792 0.955543 0.859718 0.401695 0.791925 -0.394756 0.679723 0.411497 0.559973 3
2.29864 0.811189 -0.781097 2.757 3.66231 -3.10737 4.81134 2.32827 2.78887 0.200888 -0.0385012 -0.473186 0.145137 -0.35914 -0.203401 5.03976 3
2.05156 1.12549 -1.02805 3.01797 3.57634 2.47091 4.45394 2.29547 -2.6058 -0.72875 0.122609 -0.510069 0.465675 0.674515 0.446712 0.559973 3
2.03315 1.48881 -2.01228 3.46385 3.58769 -2.42005 4.73248 2.49061 -2.45513 -0.688898 0.479146 -0.880337 -0.521893 -0.618943 -0.0882944 0.559973 3
1.96402 1.94569 -0.828999 3.89556 2.38556 -0.0319897 4.26247 2.2225 -2.79125 0.960303 -0.449788 0.745531 0.283361 0.247117 -0.12303 2.23989 3
2.19382 1.7372 -0.644663 3.58963 2.31134 0.508046 3.86296 2.29946 2.41067 0.564957 0.118096 -0.579384 -0.326788 0.777053 -0.468433 0.559973 3
2.9835 2.36257 1.98428 4.12822 2.57879 0.413779 3.34855 2.58288 2.86534 -0.864841 0.366743 0.27344 -0.03133 0.269277 0.15231 2.23989 4
3.53933 3.04454 -0.210366 4.40324 2.86032 1.18038 2.50299 2.29146 -2.20154 0.986131 -0.384498 0.3667 0.363232 0.865429 0.250181 1.11995 5
4.32111 2.70825 -0.602107 3.93821 3.61054 3.071 2.80864 2.43564 3.08307 0.778644 -0.09122 0.93568 0.352072 -0.320369 0.51559 1.11995 5
4.83177 2.59339 0.159628 3.37684 3.78203 2.61923 2.74853 2.43608 -3.09787 0.325025 0.276783 0.358792 -0.151454 0.0364471 0.327777 1.67992 5
4.66788 2.52747 0.605221 3.2494 3.83454 2.88224 0.971549 1.16383 -1.9426 -0.0647704 -0.463914 0.0502644 0.363625 0.840695 0.0996102 2.79987 5
5.04593 2.84668 0.797174 3.63344 3.86567 -2.72049 1.02248 1.31889 -1.8337 0.901001 0.0773158 -0.714234 -0.333498 -0.296899 -0.13259 0.559973 5
4.7448 2.70564 0.078843 3.00352 2.63996 -1.37055 1.05871 1.4103 -2.06266 -0.205931 0.400018 0.90217 0.179423 -0.0597251 0.434985 1.67992 5
6.38011 2.58044 -0.231669 3.29998 2.31491 -0.292214 1.13972 1.5366 -2.2195 0.998002 -0.0376953 0.280002 0.436743 -0.0910281 0.205884 1.67992 5
6.70679 2.66443 0.735006 2.9202 2.25244 0.618277 1.01428 1.40475 -2.44308 0.637829 0.5037 -0.724553 -0.428622 0.331567 -0.240468 0.559973 5
6.69403 2.65252 0.767287 2.4089 2.96951 -2.52104 1.06975 1.45655 -2.33775 -0.0105765 -0.354347 0.839028 0.42633 -0.0460193 -0.270631 1.67992 5
6.88524 2.78699 0.458527 2.76001 3.3371 -2.14551 0.931643 2.04124 -0.339919 0.106673 -0.257299 -0.232419 -0.145841 0.695837 -0.510389 2.23989 5
9.03559 2.47923 -0.742836 3.10408 3.82433 -2.22578 2.54059 2.59213 0.999689 0.839495 -0.103703 -0.216958 0.0268997 0.667199 0.144998 2.79987 5
9.17638 2.27818 -1.17693 3.4204 3.0605 -0.130567 2.57693 2.64493 0.936201 0.224889 -0.337527 0.908956 0.396867 0.0582749 -0.195552 1.11995 5
9.16148 2.32168 -1.30484 3.5711 3.05044 -0.00265709 2.51 2.3991 1.67369 -0.0836566 0.507429 0.274803 0.16767 -0.473894 -0.514969 0.559973 5
9.19682 2.63206 -2.06349 3.77656 3.03058 -0.190133 2.56742 2.21489 2.07224 -0.290912 0.442755 0.187927 -0.179431 -0.176584 -0.389414 1.11995 5
9.09203 2.34144 -1.77025 3.12101 3.88179 -1.63892 1.95921 2.25142 -2.19223 0.187906 0.186947 -0.711786 0.241888 0.440328 0.507212 1.67992 5
10.8482 2.71503 2.18946 3.12169 3.69699 -1.49522 2.17962 2.68034 -1.89874 -0.688909 0.201628 0.0560487 0.154156 -0.146659 -0.120693 3.35984 5
10.8351 2.734 2.15586 3.0208 3.94863 -0.883727 1.56702 1.79369 -2.45206 0.0209301 -0.283978 -0.250349 -0.417938 0.992337 -0.101034 1.11995 5
11.5163 2.64674 -2.41067 2.80759 3.18331 -2.80126 1.92911 0.740929 -0.0269976 -0.472098 -0.415138 0.564021 -0.390887 0.873583 0.324583 1.67992 5
11.9156 3.05171 -2.28742 1.53201 2.43688 -2.42304 0.412963 0.527355 0.306889 -0.344863 -0.0432927 0.901073 0.0508351 -0.932272 -0.0433841 1.67992 5
12.1122 3.30236 -2.18446 0.997784 3.20075 0.502057 1.32126 0.187649 -1.02268 -0.144859 -0.0645233 -0.62333 -0.403232 0.475015 -0.249167 2.23989 5
11.9776 3.16343 -2.49587 0.34084 2.17822 1.4974 0.673562 0.0525613 1.43392 0.117681 -0.310383 -0.767896 -0.155841 -0.522907 -0.517654 1.67992 5
12.8965 2.97636 2.09418 0.0652767 2.88375 2.38891 0.958403 0.603248 0.752975 -0.642322 0.309259 0.474611 0.223867 0.383112 -0.2122 1.67992 5
13.8758 1.99521 2.61633 1.36487 2.70481 -2.66257 0.854978 0.102661 1.98114 -0.849778 -0.0743428 -0.847635 -0.174347 -0.330156 -0.423605 1.67992 5
14.7884 1.96045 -2.69246 0.81514 2.7649 2.44479 0.665846 0.830053 1.66922 -0.864043 -0.202236 0.5329 -0.381519 0.686031 -0.082481 1.11995 5
14.8306 1.98345 -2.5931 1.85065 2.99159 -2.01376 1.10895 1.48812 0.287155 -0.0109286 -0.391877 0.67904 -0.290037 0.195496 -0.310919 4.47978 5
13.9403 1.72094 -3.11662 3.63727 2.6758 1.66387 1.63329 1.54047 -0.0881222 0.341412 -0.111061 -0.891331 0.209479 0.192747 -0.140664 2.79987 5
13.8935 1.71808 -3.04453 3.17662 2.30116 -0.298288 0.528508 0.384354 1.70432 0.0213244 0.298191 -0.318593 0.510407 -0.834133 -0.192922 2.23989 5
13.7077 1.74687 2.73694 2.62618 2.20684 0.63771 0.610478 0.111713 2.02138 0.172697 -0.485959 -0.526717 -0.312511 -0.259903 -0.21827 1.11995 5
