1 9 0 0 3 9 0 0 0 0 0 0 0 1
0.869251 9.07058 -0.116957 -0.741722 1.89519 9.54342 -0.96698 -0.685077 -0.0453322 -0.287489 -0.374798 -0.265534 2.62199 1
1.38395 8.81089 0.654209 -0.370421 1.85447 9.68241 0.868161 -0.38365 0.358682 0.172698 0.853554 0.140199 2.18499 1
1.00011 7.50045 0.687068 2.97054 2.30489 8.8128 -0.141032 -3.01325 0.0109167 -0.977483 -0.33528 -0.873623 3.05898 1
0.732058 7.0011 -0.997637 1.23802 2.25581 8.54764 0.381412 -1.51917 -0.783584 -0.805825 0.242997 0.694924 2.18499 1
0.414699 5.42168 -0.256365 1.57312 1.89583 7.43753 0.541274 -2.20939 0.287315 0.129884 0.061962 -0.267526 2.62199 1
0.5303 4.95487 -0.869023 1.97998 1.54029 6.90684 0.944759 -2.12078 -0.712393 0.473099 0.469168 0.103028 0.873995 1
0.685087 4.61425 -0.871261 2.01465 1.3487 6.58359 0.803024 -2.09005 -0.00520372 0.080623 -0.329615 0.0714654 0.436998 1
0.866687 4.3331 -0.690185 2.28439 1.1914 6.24304 0.943808 -1.92148 0.421106 0.627311 0.327403 0.392028 0.436998 1
1.03147 4.18365 -0.34757 2.55539 1.06898 5.93026 0.618584 -1.96962 0.796779 0.630227 -0.756333 -0.111946 0.436998 1
1.2125 4.07978 -0.623737 2.67468 0.9955 5.74684 0.300491 -1.92937 -0.642247 0.277421 -0.739751 0.0935895 0.436998 1
2.41193 3.72572 -0.546187 3.04257 1.67976 5.65948 -0.928115 2.70339 0.0360694 0.171112 -0.571445 -0.767637 2.18499 1
2.71649 3.73632 -0.874782 -2.99215 2.02726 5.46908 -0.916092 2.577 -0.764174 0.577814 0.0279618 -0.293931 0.436998 1
3.10601 3.78872 -0.953373 -3.02317 2.28354 5.26927 -0.598115 2.36706 -0.182769 -0.0721243 0.739481 -0.488249 0.436998 1
3.90475 3.44887 -0.126093 1.85014 2.58703 4.6654 -0.206901 1.57676 0.480977 -0.8197 0.22745 -0.459476 1.74799 1
4.10906 3.13689 -0.457602 2.35514 2.82519 5.08073 0.952145 0.882482 -0.256984 0.391477 0.898486 -0.538197 1.31099 1
4.45316 2.66444 -0.905907 2.07604 3.18432 5.73455 0.793289 1.2662 -0.521284 -0.32453 -0.184717 0.446185 0.873995 1
4.65271 2.41818 -0.577075 2.45568 3.21516 6.0089 0.500004 1.68315 0.764725 0.882877 -0.682058 0.96965 0.436998 1
4.76295 2.33596 0.26861 -3.03911 3.22553 6.25879 0.0849127 1.27993 0.983354 0.916735 -0.482664 -0.46886 0.873995 1
5.03893 2.29562 -0.700058 2.96052 3.29787 5.97659 -0.540489 2.02346 -0.750905 -0.219806 -0.484807 0.576379 1.31099 1
5.46426 2.17848 -0.327522 2.76104 3.30439 5.38922 -0.863845 1.20393 0.433181 -0.231961 -0.375996 -0.952943 0.873995 1
6.41348 2.53968 -0.524489 -2.14349 3.30261 5.51336 0.954946 1.30676 -0.0763439 0.534363 0.704958 0.0398584 2.62199 1
6.54967 2.74166 0.306439 -0.575001 3.25853 5.76161 -0.750755 0.538863 0.483098 0.911913 -0.991687 -0.446454 1.74799 1
6.70087 2.6339 0.557352 -0.655626 3.04027 5.66839 -0.357262 0.232099 0.583519 -0.1875 0.915101 -0.713404 0.436998 1
7.05315 2.28993 0.208285 -0.933563 3.23348 5.584 0.671493 -0.393652 -0.270595 -0.215455 0.797485 -0.485079 1.31099 1
7.16633 2.19123 0.494202 -0.552586 3.49252 5.40922 0.791135 -0.782844 0.664925 0.885995 0.278237 -0.905097 0.436998 1
7.42761 2.10182 0.799249 -0.139391 3.71305 5.11845 0.911471 -1.05459 0.70941 0.960917 0.279851 -0.631968 0.436998 1
8.25692 2.47242 0.689329 1.0088 3.85208 4.75176 -0.31089 -1.97677 -0.0852093 0.890073 -0.947567 -0.714865 1.31099 1
8.37764 2.66663 -0.366824 -0.00617857 3.88644 4.70912 0.370099 -1.43041 -0.818723 -0.786808 0.527898 0.42353 1.31099 1
8.36034 2.67953 0.331277 0.3003 3.8391 4.17492 0.885071 -1.83278 0.811745 0.35637 0.598806 -0.467873 0.873995 1
8.27601 2.39691 -0.766845 1.38838 3.52186 3.61672 0.126132 -2.51369 -0.851258 0.843469 -0.588325 -0.527836 1.31099 2
8.3307 1.94136 -0.321036 2.08853 3.15754 3.35561 0.916249 -2.52334 0.518383 0.814138 0.91874 -0.0112227 0.873995 2
8.56138 1.427 -0.991279 1.92424 2.66806 2.90738 0.631633 -2.26085 -0.779352 -0.191045 -0.330949 0.305219 0.873995 2
8.65439 0.835675 0.741452 -2.39114 2.48952 2.77271 -0.449315 -1.67423 0.805921 0.91526 -0.502766 0.27285 2.18499 2
8.45968 0.603867 -0.281105 -1.50771 3.10196 3.37782 -0.968334 -2.89738 -0.79268 0.68483 -0.402341 -0.948177 1.31099 2
8.45872 0.712854 -0.226097 -1.62024 3.47808 3.43505 -0.80389 -3.08977 0.127925 -0.2617 0.382428 -0.447417 0.436998 2
8.91542 0.555485 0.785451 0.00744498 4.44444 3.62271 -0.345509 -2.7668 0.588109 0.94633 0.266501 0.187771 1.74799 2
9.20037 0.538106 0.543539 -0.138105 4.60388 3.64983 -0.411726 3.11545 -0.562585 -0.338487 -0.153992 -0.932405 0.436998 2
9.50406 0.510676 0.875177 -0.0489952 4.8147 3.61034 -0.589651 2.81518 0.771251 0.207231 -0.413779 -0.698299 0.436998 2
9.83016 0.552373 0.662568 0.320412 5.13134 3.50194 -0.966976 2.80887 -0.494439 0.859086 -0.877499 -0.0146912 0.436998 2
10.3536 0.671091 0.587703 0.121679 5.64713 3.22297 -0.404447 2.43093 -0.0870531 -0.231085 0.654104 -0.439457 0.873995 2
10.6844 0.652746 0.960253 -0.206123 5.72369 3.1357 -0.137819 2.09591 0.866396 -0.76233 0.620063 -0.779111 0.436998 2
12.3889 0.934529 0.688296 0.577318 6.60275 2.42281 -0.927315 2.67967 -0.126492 0.364391 -0.367207 0.271513 2.18499 2
12.5768 1.06946 0.388043 0.677632 6.93856 2.23367 -0.866092 2.57648 -0.698262 0.233287 0.14238 -0.239975 0.436998 2
12.7506 1.20823 0.646216 0.670741 7.20172 2.1126 -0.486011 2.87206 0.600402 -0.0160259 0.883909 0.68741 0.436998 2
13.0597 1.50827 0.357585 0.891479 7.79145 2.23552 -0.957022 -2.5553 -0.335617 0.256672 -0.547687 0.995137 0.873995 2
13.1706 1.7021 0.684736 1.17998 8.11371 2.44577 -0.832681 -2.5721 0.760816 0.670923 0.289165 -0.0390684 0.436998 2
13.2608 2.04609 0.973658 1.43412 8.39704 2.69375 -0.924879 -2.27828 0.671912 0.591044 -0.214414 0.68331 0.436998 2
11.9354 5.20864 0.88822 2.51808 8.7188 3.82459 0.915096 1.74966 -0.022077 0.280093 0.475446 -0.58275 3.93298 2
11.6377 5.64936 -0.0373414 1.40566 8.37514 4.36574 0.115991 2.79759 -0.71749 -0.862346 -0.619461 0.812343 1.31099 2
11.8338 5.88045 0.753056 0.619078 8.31082 4.38888 0.042995 2.79441 0.919067 -0.914627 -0.0848792 -0.00369353 0.873995 2
12.1272 6.08162 0.901979 0.583775 8.3 4.39158 0.00897185 3.05648 0.346333 -0.0820997 -0.0791236 0.609462 0.436998 2
12.4823 6.73893 0.0220489 2.03696 8.2236 4.55344 0.215636 1.46622 -0.511587 0.844873 0.120154 -0.924569 1.74799 2
12.5227 6.51174 -0.237509 1.62317 9.17771 5.28255 0.976322 0.129857 -0.120725 -0.192458 0.353808 -0.621564 2.18499 2
12.3553 6.9679 0.991401 2.01121 10.102 5.22454 0.470549 -0.306165 0.952643 0.300804 -0.392072 -0.338001 1.31099 2
12.2137 7.71296 -0.289401 0.761912 10.4084 4.9524 -0.0746809 -1.85754 -0.595722 -0.581069 -0.253595 -0.721572 2.18499 2
12.4206 7.91911 0.742156 0.786682 10.3845 4.7925 0.325401 -1.67717 0.799657 0.0192016 0.310141 0.139826 1.31099 2
12.5152 8.23141 -0.60258 -0.487484 10.5995 4.32804 0.179567 -0.479024 -0.625459 -0.592635 -0.0678298 0.557277 2.18499 2
12.5152 8.23141 -0.992595 -0.487484 10.711 4.29537 0.0926302 -0.0447583 0 0 -0.101089 0.504961 0.873995 2
12.5152 8.23141 -0.572298 -0.487484 11.2386 4.52144 0.181538 0.765823 0 0 0.0206762 0.188507 4.36998 2
12.5152 8.23141 -0.322642 -0.487484 12.2236 4.03079 0.995356 -1.2111 0 0 0.37852 -0.9195 2.18499 2
12.5152 8.23141 0.0236185 -0.487484 13.1522 3.02321 0.643836 -0.381263 0 0 -0.204372 0.482464 1.74799 2
12.5152 8.23141 0.0919391 -0.487484 13.5708 2.82887 -0.307568 -1.38668 0 0 -0.368761 -0.389697 2.62199 3
12.5152 8.23141 0.119113 -0.487484 12.856 2.41371 -0.402875 2.2268 0 0 -0.0221643 0.840345 4.36998 3
12.5152 8.23141 0.0839756 -0.487484 12.9236 2.34892 -0.0352771 2.64636 0 0 0.854878 0.975718 0.436998 3
12.5152 8.23141 -0.0957301 -0.487484 13.2634 1.8331 -0.938634 1.89398 0 0 -0.700277 -0.583238 1.31099 3
