1 9 3 9 13 9 0 0 0 0 0 0 0 1
1.62828 9.0491 2.90693 9.10513 12.3819 8.28705 0.615959 0.0481409 -0.0912444 0.103065 -0.60597 -0.698971 1.03228 1
2.31454 8.0546 2.99504 9.9128 13.1299 8.4756 0.448537 -0.650006 0.0575867 0.527893 0.488914 0.123236 1.54842 1
2.0152 7.70646 3.41307 9.65385 13.074 8.3474 -0.586944 -0.682621 0.819667 -0.507743 -0.109761 -0.251377 0.51614 1
1.88879 7.23395 3.1365 9.43567 12.5839 7.86715 -0.247855 -0.926487 -0.542295 -0.427812 -0.960975 -0.941664 0.51614 1
2.17893 7.37157 3.55479 9.70595 12.3071 8.35178 0.568904 0.269844 0.820183 0.529963 -0.542783 0.950265 0.51614 1
2.67283 6.93981 3.55749 9.5694 12.3325 8.52627 0.968424 -0.846596 0.00528814 -0.267746 0.0498608 0.342133 0.51614 1
1.21944 5.18669 3.76802 8.81153 13.8064 7.06951 -0.712447 -0.859372 0.103204 -0.371502 0.722515 -0.714097 2.06456 1
2.67772 6.52387 2.86763 8.27067 12.449 6.60804 0.953128 0.873976 -0.588495 -0.353507 -0.887178 -0.301617 1.54842 1
3.11396 6.33614 2.61844 9.40996 12.2511 6.29221 0.285124 -0.122698 -0.162866 0.744636 -0.129365 -0.206423 1.54842 1
3.05644 6.51251 3.08205 9.90477 12.7026 5.7885 -0.112786 0.345807 0.909032 0.970221 0.885312 -0.987676 0.51614 1
3.44752 6.20377 3.39208 9.88405 12.8081 5.82237 0.766817 -0.605358 0.6079 -0.0406389 0.206834 0.066416 0.51614 1
3.26209 6.65528 3.69477 9.61866 12.5209 5.53821 -0.363589 0.8853 0.59351 -0.52037 -0.563138 -0.557182 0.51614 1
2.44465 4.27229 3.57793 6.91199 9.02807 3.86144 -0.200352 -0.584067 -0.028636 -0.6634 -0.856086 -0.410972 4.12912 1
2.63722 4.10437 3.38138 6.75457 9.00301 3.67642 0.377588 -0.329251 -0.385393 -0.308669 -0.0491224 -0.362786 0.51614 1
2.8943 4.31727 3.35089 7.40415 7.58312 2.26554 0.168025 0.13915 -0.0199284 0.424564 -0.928034 -0.922148 1.54842 1
2.61718 4.57062 3.58224 7.91073 7.41155 2.44905 -0.543362 0.496768 0.453632 0.993289 -0.336422 0.359835 0.51614 1
4.23708 3.50885 3.41126 8.36922 7.3014 3.58756 0.794067 -0.520475 -0.083816 0.22475 -0.0539925 0.558092 2.06456 1
4.98383 2.58129 2.7653 8.87 6.46449 3.17168 0.732104 -0.909373 -0.633296 0.490968 -0.820501 -0.407724 1.03228 1
5.48028 3.36165 3.37663 9.23438 6.754 3.79843 0.486719 0.765062 0.599347 0.357236 0.283833 0.614455 1.03228 1
5.63691 3.27637 3.79729 9.15897 6.3247 3.68873 0.307107 -0.167213 0.824823 -0.147862 -0.841768 -0.215081 0.51614 1
5.58436 3.35723 3.46493 9.19493 6.00604 3.64204 -0.103022 0.158535 -0.651689 0.0705093 -0.624818 -0.0915617 0.51614 1
6.09311 2.96242 3.27315 9.61651 6.14962 3.55941 0.997533 -0.774127 -0.376032 0.826629 0.281533 -0.162008 0.51614 1
5.72724 2.80036 2.53405 8.82776 5.42919 3.37559 -0.35869 -0.158882 -0.724612 -0.773291 -0.706301 -0.180222 1.03228 1
5.42052 2.2491 2.26886 7.88689 4.65157 2.47234 -0.300709 -0.540452 -0.259991 -0.922418 -0.762376 -0.885536 1.03228 2
6.14826 3.22117 2.45163 8.59394 4.33483 3.20496 0.713475 0.953007 0.179184 0.69318 -0.31053 0.718252 1.03228 2
5.73004 3.72046 2.89331 8.7551 3.97912 3.13173 -0.820046 0.979 0.866046 0.316015 -0.697482 -0.143588 0.51614 2
7.87032 2.91124 0.66717 7.84812 2.05625 4.19511 0.839327 -0.317341 -0.872996 -0.355681 -0.754063 0.417012 2.5807 2
8.74069 2.05011 0.499654 8.47757 1.55871 3.48297 0.853298 -0.84425 -0.164232 0.617115 -0.487788 -0.698176 1.03228 2
9.03263 1.72557 0.401909 8.00546 1.86823 3.75285 0.572437 -0.636336 -0.191655 -0.925723 0.606904 0.529174 0.51614 2
9.14242 3.64153 2.28068 5.08423 0.211484 1.8578 0.035879 0.626129 0.613979 -0.954649 -0.541421 -0.619297 3.09684 2
8.32508 3.4058 3.54524 4.50788 1.5674 1.28317 -0.400654 -0.115554 0.619879 -0.282522 0.664665 -0.281678 2.06456 2
10.0274 1.55447 3.78474 4.09012 3.61647 0.863229 0.667571 -0.726013 0.0939233 -0.16383 0.803558 -0.164685 2.5807 2
10.8461 0.645127 5.43893 2.47955 2.36252 1.86258 0.401306 -0.445754 0.810876 -0.789495 -0.614682 0.489876 2.06456 2
10.3719 0.636104 5.29412 2.56788 2.63528 2.06053 -0.929721 -0.0176923 -0.283945 0.173205 0.534828 0.388143 0.51614 2
9.99122 0.84872 5.40254 2.23068 2.14126 1.59154 -0.746434 0.416894 0.212591 -0.661185 -0.968669 -0.919578 0.51614 2
10.3971 1.62716 6.34163 3.01705 2.62913 2.22713 0.397883 0.76318 0.920675 0.770952 0.478305 0.623125 1.03228 2
10.4896 0.793657 6.98011 2.73368 3.04224 2.14295 0.0907534 -0.817163 0.625968 -0.27782 0.40501 -0.0825328 1.03228 2
10.5339 1.09361 7.1144 2.61167 3.51369 1.64574 0.08677 0.588135 0.263299 -0.239227 0.924403 -0.974927 0.51614 2
8.97545 2.60574 7.64336 2.4228 2.25375 2.05262 -0.763937 0.741243 0.259294 -0.0925811 -0.617617 0.199454 2.06456 2
8.33552 3.43071 6.90868 2.61831 2.57909 2.87856 -0.627381 0.808793 -0.720268 0.191672 0.318963 0.809741 1.03228 2
7.76041 3.04025 6.48701 3.41527 1.88639 3.35547 -0.563831 -0.382808 -0.413408 0.781335 -0.679119 0.467563 1.03228 2
7.53306 3.3331 6.73429 3.10647 1.88692 3.778 -0.445786 0.574225 0.484861 -0.605495 0.00104403 0.828488 0.51614 2
7.8624 3.78713 6.92792 3.19316 2.27441 4.22821 0.645764 0.890247 0.379669 0.16998 0.759779 0.882771 0.51614 2
7.25711 2.96428 7.78361 2.46128 1.64223 3.25911 -0.593418 -0.806708 0.838917 -0.717531 -0.619779 -0.950102 1.03228 2
8.35344 3.68555 8.64039 1.69336 0.244614 4.69661 0.716555 0.471418 0.559983 -0.501905 -0.913477 0.939542 1.54842 2
10.2658 5.25796 9.26761 0.169487 2.08853 2.87585 0.937424 0.770786 0.307464 -0.746998 0.903881 -0.892528 2.06456 2
11.2282 4.40555 9.36889 0.331856 1.55915 2.99187 0.943518 -0.835691 0.0992892 0.159186 -0.518998 0.11374 1.03228 2
10.2908 4.66044 9.37917 0.0929016 1.72313 1.99273 -0.919013 0.249887 0.0100811 -0.234269 0.160764 -0.979543 1.03228 2
10.0129 5.17716 8.56521 1.0444 2.36173 2.84284 -0.272414 0.506592 -0.797999 0.932844 0.626073 0.833434 1.03228 2
10.2057 5.52527 8.62839 0.956759 2.09736 2.81941 0.377976 0.682571 0.123884 -0.171851 -0.518369 -0.045929 0.51614 2
10.9718 5.74504 10.1635 0.157434 2.00293 4.68304 0.375545 0.107728 0.752511 -0.391826 -0.0462881 0.913542 2.06456 2
11.0062 4.85053 9.71515 1.07114 1.1829 5.51007 0.0337604 -0.876967 -0.439571 0.895793 -0.80395 0.810815 1.03228 2
10.7939 4.45285 9.68247 0.949034 1.16958 5.92254 -0.416386 -0.779768 -0.0640892 -0.239429 -0.0261282 0.808771 0.51614 2
12.8063 4.62213 8.55072 1.10265 0.216242 7.15821 0.986497 0.0829807 -0.554778 0.0752997 -0.467321 0.60572 2.06456 2
12.5805 4.92819 9.01321 1.38075 0.121444 6.34937 -0.221448 0.300056 0.453426 0.272656 -0.0929399 -0.792979 1.03228 2
12.6567 4.97975 9.3463 1.49113 0.240546 6.71913 0.0747341 0.0505499 0.326558 0.108207 0.116767 0.362501 1.03228 2
12.5894 4.73491 8.53019 1.16054 0.807148 6.95866 -0.0659419 -0.240042 -0.800111 -0.324101 0.555492 0.234842 1.03228 2
12.2145 4.63322 8.74595 1.92131 0.260512 7.22002 -0.36758 -0.0996942 0.211525 0.745854 -0.535918 0.256232 1.03228 2
10.5364 4.60312 8.96251 0.282738 0.517213 9.47071 -0.658076 -0.0118038 0.0849276 -0.642579 0.100667 0.882624 2.5807 2
9.43958 5.89663 9.48514 0.202793 0.517213 9.47071 -0.716873 0.845433 0.341588 -0.0522517 0 0 1.54842 2
9.71241 6.57769 9.31591 1.07395 0.517213 9.47071 0.267475 0.66771 -0.165914 0.854077 0 0 1.03228 2
8.53549 6.06044 9.85709 0.0313295 0.517213 9.47071 -0.769227 -0.338077 0.353712 -0.681452 0 0 1.54842 2
11.2393 5.43957 12.6076 0.393734 0.517213 9.47071 0.883589 -0.202898 0.898875 0.118433 0 0 3.09684 2
11.7204 5.08337 12.6076 0.393734 0.517213 9.47071 0.943453 -0.698432 0 0 0 0 0.51614 2
13.8748 7.07932 12.6076 0.393734 0.517213 9.47071 0.844849 0.782728 0 0 0 0 2.5807 2
13.1977 8.07584 12.6076 0.393734 0.517213 9.47071 -0.442531 0.651318 0 0 0 0 1.54842 2
