1 9 0 3 9 0 0 0 0 0 0 3
1.42752 9.49594 1.7187 3.71259 8.6484 -0.916721 0.863824 0.433371 0.957128 -0.219162 0.869707 3
1.54917 8.64821 1.70795 3.77613 8.58083 -0.715697 -0.995827 0.0025106 0.108037 0.40839 0.869707 3
1.53311 8.38079 1.31368 3.66037 8.7101 -0.965351 -0.209032 0.284496 -0.134865 0.279485 1.30456 3
1.5599 7.34953 1.87985 3.09725 9.01978 -0.0402373 -0.347347 -0.107884 -0.221316 -0.270916 3.04397 3
2.22468 7.59227 -1.17965 3.42727 9.19686 1.0252 0.314981 -0.514078 0.114199 0.497007 3.47883 3
2.5569 5.17033 -1.6893 3.13433 8.92735 0.462343 0.821021 -0.0412224 -0.134007 0.27216 3.04397 2
3.56879 4.21041 0.171202 3.75467 8.70132 -1.16116 0.376342 0.226008 0.171799 -0.414118 4.34853 2
2.71506 3.36994 1.38394 3.79808 8.54127 -1.45075 -0.988144 -0.188029 0.129005 -0.334919 1.30456 2
3.36066 2.93366 -2.57252 3.7565 8.75835 -1.31232 -0.765349 -0.440451 -0.171476 -0.12451 1.30456 2
3.54812 3.01331 -2.90712 3.79016 8.66774 -1.11788 -0.475898 0.316062 0.225142 0.38197 0.434853 2
3.91283 3.58966 -1.36285 3.74971 8.73995 -1.0026 -0.877735 -0.388378 -0.0962878 -0.271559 0.869707 2
4.33553 3.1888 -0.154927 3.62105 8.90761 -0.829877 0.720374 0.371815 -0.246051 -0.16182 0.869707 2
4.64515 3.24523 0.515468 3.71482 8.62535 -1.6702 0.745807 0.396 0.712483 -0.501744 0.434853 2
3.97749 3.45393 -1.12137 3.42735 8.02687 -2.36701 -0.911827 0.395475 0.787865 -0.202853 0.869707 2
3.90863 2.73914 -2.21231 3.7663 8.22306 -2.86679 0.585258 -0.281333 -0.306778 0.247405 1.30456 2
4.5625 3.31227 -2.6315 3.5384 7.60845 -0.984971 -0.290994 0.0954246 0.253571 0.458119 3.04397 2
4.65272 3.36084 -2.66391 3.47012 7.78356 -1.41305 -0.238316 0.0631705 -0.440466 0.424549 0.434853 2
5.13717 3.6211 -2.63333 3.55582 7.58257 -0.922416 -0.639477 -0.0111176 0.256637 0.418357 0.869707 2
6.17173 3.50861 2.41674 3.74297 7.448 -0.324385 -0.860184 0.2187 0.181384 0.472543 1.30456 2
6.34068 3.35231 2.37338 3.79262 7.43172 -0.30937 -0.267655 0.0376576 0.0607517 0.0574164 0.869707 2
7.44788 3.7512 -1.68178 3.57453 7.54746 -0.666466 -0.849303 -0.296076 -0.14431 0.280165 1.73941 2
7.52034 3.35174 -1.10092 3.35434 7.76416 -0.888355 0.478772 0.275 -0.359971 0.142381 0.869707 2
7.38473 3.51666 -0.66436 3.66517 7.60992 -0.0328907 -0.500517 -0.385395 0.832096 0.446038 0.434853 2
9.53544 3.24739 0.415255 1.70673 7.81881 -0.179628 0.756299 0.0945674 -0.65492 0.0148861 3.04397 2
9.72906 3.2982 0.0980078 1.34865 7.74819 0.569057 0.467464 -0.305755 -0.868934 -0.381153 0.434853 1
9.27102 3.23373 0.181653 2.22789 7.36244 -1.39596 -0.358667 -0.0361409 0.879047 -0.333618 1.30456 1
9.56534 3.30998 0.325334 2.24804 7.23306 -1.43659 0.353831 0.0941566 0.152267 -0.0619825 0.869707 1
9.31041 2.97424 1.51738 2.34563 6.74511 -1.31019 -0.520455 -0.489426 0.578997 0.0507274 0.869707 1
9.79848 2.39389 3.02269 2.26204 6.07466 -2.07949 -0.323613 -0.346074 0.268449 -0.218601 2.60912 1
9.49633 3.21692 0.822585 3.79636 4.73787 0.646077 0.314582 -0.386194 0.823938 0.190004 3.47883 1
9.77693 3.3596 0.118203 3.6865 4.66633 0.508301 0.747429 -0.413106 -0.305138 0.207001 0.434853 1
8.58001 3.68335 -0.646542 3.41781 4.39405 1.07578 -0.591012 0.119792 -0.18033 -0.284775 2.17427 1
8.45938 3.74797 -0.337032 5.34798 3.68454 -1.78029 -0.0355013 -0.423317 -0.91991 -0.190205 3.91368 1
9.01825 3.88414 0.815028 5.34307 3.53889 -1.42867 0.353663 0.362081 0.0851686 0.447568 1.73941 1
9.47983 3.929 -0.621248 5.34512 3.52445 -1.43131 0.13079 -0.516197 0.0037694 -0.0361607 3.91368 1
9.33962 5.14527 -2.2908 5.85366 3.22206 0.358427 -0.801739 0.237568 0.39458 0.485341 1.73941 1
8.94118 6.0788 -0.0439904 5.54616 3.15732 0.0565748 0.528391 -0.34139 -0.0733578 0.189099 4.34853 1
8.71765 6.03304 0.447776 6.32459 2.24222 -1.78844 -0.134003 -0.40333 0.808363 -0.259416 1.73941 1
9.67005 6.67411 0.737119 5.96155 3.69255 -0.862605 0.446538 0.050188 -0.600716 -0.118911 2.60912 1
9.98613 6.93543 0.644576 5.92553 3.73506 -0.872951 0.954104 -0.0450835 -0.129574 0.0371181 0.434853 1
10.1294 7.01614 0.381548 6.22378 3.55112 -0.232295 0.127834 -0.308798 0.276342 0.345054 1.30456 1
10.3781 7.09817 0.255711 6.50518 2.25132 -2.48289 0.121868 -0.0957591 0.771356 -0.26503 2.17427 1
11.0865 7.12575 -0.177894 6.43328 2.20391 -2.63452 0.55394 -0.120768 0.0668256 -0.33827 1.30456 1
11.3285 7.10434 0.00143014 6.96213 3.69229 -1.18988 0.113145 0.146379 -0.802669 -0.165884 2.17427 1
13.3778 6.48383 -0.589478 7.53717 2.72376 -0.880125 0.842097 -0.0543426 0.43833 0.0547267 2.60912 1
13.9772 6.67153 1.19638 8.72565 3.09054 1.47881 -0.843477 0.460434 0.738132 0.288964 2.17427 1
13.329 6.52171 -0.742114 8.71193 2.89376 1.52351 -0.181899 0.46018 -0.0458781 -0.0452884 4.34853 1
13.4705 6.24449 -1.45541 9.19501 1.9191 2.5384 -0.721748 -0.421752 -0.330215 -0.176822 3.47883 1
13.9677 5.82034 0.0428475 9.32673 1.84647 2.73697 0.83595 0.394914 -0.175185 -0.25773 0.869707 1
13.299 6.5484 -1.6986 9.07278 0.462936 0.0415557 -0.32717 0.300116 0.752178 0.270519 3.47883 1
13.2787 6.43694 -1.80415 9.62266 0.612231 0.48867 0.05272 -0.184135 0.267239 0.154397 2.17427 1
13.1331 5.72146 -1.73887 8.39439 0.350101 -0.0681484 0.566107 0.0178772 -0.986278 0.087307 1.30456 1
12.2705 6.11585 0.881225 11.6768 1.78154 0.890601 -0.299084 -0.386921 0.86556 0.0514737 4.34853 1
12.6189 6.97079 1.48646 12.4013 1.4437 -1.76332 0.436022 0.128414 -0.695243 -0.452057 2.17427 1
13.932 7.45977 -0.773513 13.4169 0.953771 0.864353 0.581617 -0.252667 0.508877 0.330515 3.04397 1
13.8201 8.8992 -2.213 13.4169 0.953771 0.864353 -0.916508 0.180639 0 0 1.73941 1
12.6484 9.17044 1.75804 13.4169 0.953771 0.864353 0.706607 -0.295479 0 0 2.17427 1
