1 9 0 3 9 0 0 0 0 0 0 2
0.915438 8.31273 2.89674 2.36018 8.70604 0.86136 0.392467 -0.520578 -0.241318 -0.232867 3.04397 2
1.20264 8.36259 -2.55292 2.75539 9.83681 1.60776 -0.116324 -0.507029 0.475237 0.121154 2.60912 2
1.46069 8.51582 -2.65853 2.50096 9.44546 0.380872 -0.349126 0.070227 -0.578371 0.45829 0.869707 2
1.77996 8.83204 -2.06349 2.73447 9.63523 0.983965 -0.353534 -0.255256 0.236825 0.376031 1.30456 2
1.7867 8.84484 -2.04821 2.87725 9.86978 1.06401 -0.0336574 -0.208017 0.638758 0.0582178 0.434853 2
0.866937 7.15296 -2.08927 3.57102 6.90546 2.53739 0.559843 -0.00426371 -0.970436 -0.0880432 3.47883 2
1.13702 6.03822 -0.576919 3.07872 6.92774 -2.62785 0.293968 0.234868 -0.558123 0.406477 4.34853 2
0.800062 6.08146 0.321654 3.75185 7.26507 -2.72622 -0.272423 -0.472716 -0.583901 0.0261152 1.30456 2
0.561557 6.0403 0.0201644 3.53038 7.97664 0.188115 -0.14125 0.243275 0.734564 -0.489914 1.73941 2
3.15649 3.67315 -1.49922 3.26279 7.83683 0.774874 0.901043 -0.0782699 -0.0712292 -0.365893 4.34853 2
3.20469 3.41591 -1.27191 3.43429 8.00428 0.772033 0.609958 0.171621 0.557416 -0.00237049 0.434853 2
3.18497 3.04365 -1.97549 3.59876 7.3252 2.8448 0.442536 -0.354148 -0.978435 -0.457762 0.869707 2
3.30467 3.34832 -1.91479 3.69928 7.30462 3.03434 -0.761352 -0.0370647 -0.238965 -0.353411 0.434853 2
3.83123 2.3213 -0.279278 3.66303 7.31012 2.9474 0.601657 0.247677 0.0170575 -0.442703 2.17427 2
4.25207 2.34098 0.372724 3.79224 7.30392 -3.04327 0.49868 0.295177 -0.150951 -0.423391 0.869707 2
5.88902 3.53095 0.884443 3.39363 7.33386 2.89334 0.951637 0.0499792 0.186857 -0.170852 2.17427 2
6.1858 3.67632 0.0264805 3.79924 6.7761 1.50579 0.733019 -0.466418 0.682171 0.355155 3.91368 2
6.49034 3.78461 0.656819 3.79256 6.4512 1.59466 0.764265 0.366299 -0.756002 -0.0546236 0.434853 2
6.4777 2.65894 2.46232 3.60626 5.99994 0.763888 -0.43008 -0.272026 -0.166954 0.31932 3.04397 2
6.83134 3.25361 -0.393729 3.75926 6.3617 1.57747 0.580328 -0.519773 0.234788 0.38303 1.73941 2
6.79823 3.2681 -0.431708 3.78526 6.22389 1.93701 -0.0840412 0.207173 -0.327918 -0.471584 0.434853 2
7.07461 3.19745 -0.0688286 3.79867 6.18326 1.84251 0.667056 0.247823 -0.09953 0.415868 0.434853 2
7.83786 2.87644 -0.72742 2.599 5.92792 -1.42308 0.392169 -0.154967 -0.933281 0.314677 2.17427 2
8.49675 3.466 2.18727 2.57936 6.04378 -1.38272 0.603181 0.422443 -0.0546599 -0.068584 2.17427 2
8.4794 3.49131 2.15606 3.01035 5.47019 -0.470094 0.0142745 -0.200628 0.345575 0.240894 2.17427 1
8.36281 3.62242 2.43918 2.68273 5.52736 0.124588 0.409383 0.311209 -0.784952 -0.338788 0.434853 1
9.27878 3.69214 -2.28725 2.57068 5.50216 0.317793 -0.789439 -0.296709 -0.0891696 -0.324081 1.30456 1
8.68364 4.17729 0.919383 3.46742 4.64104 -1.84806 -0.941911 -0.480051 -0.748702 -0.2769 3.91368 1
8.64935 4.13234 0.919033 3.66944 4.89282 -2.64593 -0.131469 0.00123842 -0.77101 0.44859 0.434853 1
8.70158 5.50384 2.14644 3.62215 4.16335 -0.625147 0.425172 0.16629 0.253481 0.43402 3.47883 1
8.62762 5.59709 2.33632 3.66174 4.13403 -0.649842 0.138603 0.308426 0.057291 -0.0999102 0.869707 1
8.51455 5.85924 1.61965 2.3498 3.17745 1.90987 0.662571 -0.456729 -0.504465 -0.231764 4.34853 1
8.45638 6.10031 1.99554 2.795 2.56868 2.49459 0.290064 0.292715 -0.889583 -0.151687 0.869707 1
8.81578 5.46763 2.17928 3.47067 2.20604 2.80344 -0.847279 -0.0503894 -0.895226 -0.0800604 0.869707 1
8.60278 5.71379 2.38894 3.75403 2.16062 -3.12133 0.758426 0.127878 -0.670974 -0.243521 0.434853 1
8.47443 6.32394 1.16731 3.94182 2.81559 -0.578718 0.171584 -0.35257 0.923507 -0.511197 3.91368 1
8.4261 6.71993 2.21717 3.75826 2.94891 -0.677621 0.97175 0.465648 -0.527818 0.0869347 0.434853 1
8.38183 5.99326 0.802721 4.15725 2.8364 0.127919 -0.921446 0.342884 0.495314 0.361586 0.869707 1
8.45523 6.86717 2.17128 4.92758 2.95383 0.174631 0.220782 0.280699 0.181232 0.0119877 4.34853 1
8.28634 7.03064 2.57375 5.08828 2.98549 0.214406 0.550322 0.327877 0.380925 0.0485273 0.434853 1
8.31848 6.46677 0.681722 5.22513 2.99689 -0.0481967 -0.510645 0.521417 0.106765 -0.364316 1.30456 1
8.46207 6.62158 0.964208 5.78936 2.32729 -1.69299 0.164225 0.260618 0.761793 -0.323021 1.30456 1
8.46928 6.63211 0.976365 6.26645 3.37312 -2.30457 0.00989232 0.18828 -0.905134 0.104376 1.30456 1
8.41458 5.56073 2.0632 6.48071 3.64674 -2.16565 -0.873988 -0.19046 -0.269617 -0.0797156 1.30456 1
9.17871 4.7911 2.642 7.32079 2.63861 0.413493 -0.284195 -0.104866 0.455159 0.284875 3.91368 1
9.10706 3.81499 0.353042 7.26171 3.40581 2.88181 0.832084 0.356238 0.38997 0.456148 2.60912 1
8.77063 3.55772 0.952687 7.75431 3.17 2.50844 -0.249966 -0.272027 -0.319371 0.135111 1.73941 1
8.84706 3.63616 0.644121 8.12435 2.42946 1.55997 0.127855 -0.511445 -0.999661 0.217171 0.869707 1
9.17282 4.26667 1.54369 8.47622 2.04676 3.06852 0.284575 0.24031 -0.22196 -0.484907 2.60912 1
8.36757 4.49158 -2.0884 8.25297 2.06709 3.03304 0.88561 0.434528 0.173789 -0.0316468 1.30456 1
8.4764 4.66567 -2.17055 8.48397 1.44973 0.82464 -0.238804 0.0798331 -0.947627 0.496654 0.869707 1
8.62933 5.40426 -1.37937 8.87893 0.847391 -2.80547 -0.600227 -0.201587 -0.763346 -0.494244 1.30456 1
9.76888 7.85423 -2.63295 12.0539 1.72899 -2.93602 -0.671489 0.086614 -0.766841 0.00791838 4.34853 1
9.80994 7.87484 -2.71987 11.4647 1.74431 2.88404 -0.0534347 0.361639 0.691529 -0.154507 0.869707 1
9.56848 8.78675 0.0959677 11.7593 1.79539 -2.54069 0.963594 -0.396278 -0.179294 -0.508008 1.73941 1
9.90493 8.83878 0.21088 11.7659 1.79989 -2.54484 0.79218 0.0673672 -0.0185905 0.103432 0.434853 1
10.7927 8.62624 -0.680829 11.5933 1.65031 -2.31006 0.274381 -0.186746 0.0665411 0.202322 3.47883 1
10.5438 8.70674 0.0552542 11.7054 1.77192 -2.32089 -0.622384 -0.502909 -0.384617 0.0130843 0.434853 1
13.0565 8.10413 -0.526014 12.2122 1.00489 0.346984 0.870663 -0.0443308 0.419117 0.400136 3.04397 1
12.8466 8.15231 0.0747943 12.5926 1.1489 0.376723 -0.508444 -0.502543 0.946124 0.0146187 0.434853 1
12.757 8.85049 -2.96117 12.5926 1.1489 0.376723 0.887187 0.516151 0 0 1.30456 1
