1 9 0 0 3 9 0 0 0 0 0 0 0 1
0.963117 8.99304 -0.0874789 0.279845 2.91639 9.02921 -0.207417 -0.503926 -0.10172 0.325401 -0.241183 -0.585961 0.873995 1
1.8496 9.09178 0.918238 0.0391523 2.83579 8.69397 0.507501 -2.002 0.467775 -0.11195 0.33252 -0.696779 2.18499 1
2.22497 9.16518 0.867917 0.349973 2.7036 8.45664 0.757118 -2.14648 -0.117024 0.722839 0.580506 -0.335999 0.436998 1
3.23224 8.20859 0.235308 -2.47972 1.16124 8.42846 0.349601 1.88185 -0.183898 -0.822586 -0.118464 -0.655483 3.49598 1
2.75779 7.94198 0.610699 -2.74088 1.473 8.34824 -0.8253 3.01087 0.291001 -0.202448 -0.910776 0.87521 1.31099 1
1.86428 7.50979 -0.758667 0.194409 2.19044 6.31684 -0.735493 0.762471 -0.398072 -0.973226 0.0261068 -0.653603 3.49598 2
2.07751 7.36776 0.96224 -0.249254 1.71866 5.93016 0.167667 0.439712 0.800422 -0.206355 0.420074 -0.150121 2.18499 2
2.5238 7.19033 -0.216063 -0.793474 2.05381 6.52652 0.931093 1.44268 -0.913413 -0.421875 0.591804 0.777493 1.31099 2
2.42578 7.26891 -0.369392 -0.576911 2.04104 6.83661 0.520598 1.81657 -0.356581 0.503634 -0.954639 0.869527 0.436998 2
2.63715 6.6714 0.949633 -1.32635 1.75155 7.23895 -0.043032 3.0675 0.6135 -0.348575 -0.262154 0.581825 2.18499 2
1.91822 5.25406 0.425075 -2.97274 2.88871 6.61035 -0.977468 2.40786 -0.203317 -0.638135 -0.362184 -0.255675 2.62199 3
1.64856 5.20213 0.852271 -2.93428 3.15273 6.40156 -0.58938 2.54869 0.993478 0.0894248 0.902529 0.327533 0.436998 3
1.32552 5.15656 0.666353 -3.07434 3.28153 6.30466 -0.16074 2.42009 -0.432367 -0.325703 0.996838 -0.299078 0.436998 3
1.39348 5.10698 -0.730934 3.01829 3.01384 5.22495 -0.990718 0.67161 -0.649901 -0.0886325 -0.386037 -0.813247 2.18499 3
1.7368 4.9833 -0.979089 2.59396 2.74276 4.99389 -0.666369 0.744885 -0.577104 -0.986806 0.754301 0.170406 0.436998 3
1.98728 4.83868 0.710299 2.5501 1.84022 4.40325 -0.342571 0.374341 0.785762 -0.0204027 0.150604 -0.172346 2.18499 3
1.75449 4.98098 -0.289795 2.95442 2.13018 4.21153 0.862892 -0.724994 -0.775267 0.31343 0.934467 -0.852197 1.31099 3
1.74393 5.01594 0.309577 2.67696 3.48925 3.07192 0.787209 -0.66974 0.278778 -0.129051 -0.0352015 0.0256996 2.18499 3
1.65326 5.0542 0.148581 2.82487 3.8184 2.89733 0.954753 -0.316995 -0.37441 0.343963 0.389638 0.820335 0.436998 3
2.12367 4.95624 -0.893801 2.97683 4.98444 2.6242 0.904363 -0.141599 -0.808048 0.1178 -0.039062 0.135966 1.31099 3
2.68292 4.49703 -0.298984 1.71705 5.59749 2.4715 0.0776862 -0.42668 0.461098 -0.976572 -0.640835 -0.220993 1.31099 4
2.69725 4.54201 0.403861 1.42966 5.80348 2.37871 0.447737 -0.421136 0.817261 -0.334172 0.430291 0.00644664 0.873995 4
2.72875 4.77816 0.704271 1.4453 6.04986 2.32632 0.731198 -0.0293169 0.69863 0.0363545 0.659212 0.911207 0.436998 4
3.55568 5.20217 0.0898145 -1.25943 6.72747 2.63486 -0.304543 2.68563 -0.204139 -0.89858 -0.3441 0.901976 3.05898 4
3.54683 5.21331 -0.15498 -0.937227 6.92574 2.55658 -0.68769 2.82729 -0.569289 0.749309 -0.891038 0.329445 0.436998 4
3.53746 5.17396 0.193415 -1.4159 8.17869 2.70597 -0.823513 -2.61543 0.202555 -0.278298 -0.0789672 0.488641 1.74799 4
3.53532 5.20101 -0.235413 -1.45051 8.62727 3.25958 -0.313348 -1.75853 -0.332425 -0.026827 0.395477 0.664268 1.31099 4
3.63813 5.79723 -0.475872 -1.97341 9.10383 4.11489 -0.838927 -2.31478 -0.139802 -0.304013 -0.305569 -0.323402 1.74799 4
3.72883 6.71076 -0.249148 -1.29485 10.2872 4.77015 -0.234535 -3.10695 0.0878773 0.263007 0.23426 -0.307044 2.62199 4
3.70646 6.72816 0.21265 -2.02407 10.7655 4.96209 -0.978665 -2.53127 0.536974 -0.847924 -0.865268 0.669392 0.873995 4
3.4873 6.35455 0.795299 -2.15359 11.1565 5.36841 -0.343639 -2.06845 0.677499 -0.15061 0.738403 0.538169 0.873995 4
3.51892 6.14113 -0.703442 -3.1156 10.943 5.37562 0.554842 -3.05048 -0.871361 -0.55931 0.522373 -0.570949 1.74799 4
3.8835 6.16148 -0.99514 -3.05932 10.7869 5.34173 0.190402 -2.75709 -0.678367 0.130883 -0.847535 0.682312 0.436998 4
4.29873 6.23588 -0.969912 -2.86846 10.7151 5.3126 0.169775 -2.75479 0.0586683 0.443863 -0.0479701 0.00534489 0.436998 4
5.47398 6.22183 -0.878063 2.83491 10.463 4.88633 0.632679 -1.66757 0.0712011 -0.449471 0.35884 0.842805 1.31099 4
5.76813 6.13121 -0.553568 2.85185 10.4741 4.61676 0.626183 -1.39158 0.754638 0.0394127 -0.0151091 0.64184 0.436998 4
6.00307 6.10723 -0.000529517 -2.86714 10.5071 4.44057 -0.209293 -1.3534 0.643069 0.656033 -0.971483 0.0443956 0.873995 4
5.99577 6.10315 0.0395517 -2.51612 10.4998 4.47773 0.0330779 -1.43309 0.0932121 0.816332 0.563654 -0.185328 0.436998 4
6.67575 6.34375 -0.520668 -2.92721 11.2379 4.18141 0.539982 0.181403 -0.186119 -0.136576 0.168407 0.536376 3.05898 4
6.8417 6.36321 0.131897 2.91363 11.3948 4.199 -0.173381 -0.213546 0.758796 -0.514349 -0.829493 -0.459244 0.873995 4
6.87115 6.34522 -0.210951 2.65009 11.5815 4.23699 0.616105 0.30686 -0.398661 -0.306441 0.918008 0.605124 0.873995 4
7.58138 6.15957 -0.93345 3.03962 12.465 4.00766 0.867026 -0.753824 -0.560076 0.301958 0.194512 -0.822236 1.31099 4
8.14579 6.13744 0.277039 -2.91848 13.4126 2.86308 0.865325 -1.00484 0.703773 0.189006 -0.000989246 -0.14594 1.74799 4
8.52735 5.78255 -0.876005 2.1691 13.9028 2.43604 -0.0942689 -0.0180217 -0.670375 -0.695119 -0.557903 0.573732 1.74799 4
8.7639 5.4613 -0.97996 2.24057 13.7954 2.42678 -0.40788 0.154077 -0.241756 0.166203 -0.729329 0.400229 0.436998 4
9.39948 4.97405 -0.278935 2.84778 13.3593 2.61513 -0.370126 -0.988431 0.54343 0.470708 0.0292669 -0.885665 1.31099 4
9.59679 4.94771 -0.649911 3.13211 13.2694 2.74662 -0.370823 -0.953671 -0.862735 0.661214 -0.00162134 0.0808379 0.436998 4
9.92161 4.93899 -0.86148 3.09895 13.182 2.90474 -0.471196 -1.16917 -0.49202 -0.0771159 -0.233426 -0.501169 0.436998 4
10.2671 4.84992 -0.810537 2.6753 13.1162 3.16585 -0.785341 -1.45511 0.118472 -0.985232 -0.73057 -0.664977 0.436998 4
10.705 4.29414 0.124315 1.07476 13.5863 3.83959 -0.0889093 2.82064 0.434815 -0.744435 0.323922 -0.933689 2.18499 5
10.9109 4.62318 0.77867 0.973168 13.7285 3.77824 -0.2716 2.67299 0.760877 -0.118131 -0.212431 -0.171693 0.873995 5
11.7742 5.62616 0.763441 0.74625 13.4306 3.45789 0.76154 -2.06164 -0.00885387 -0.131929 0.600663 0.900323 1.74799 5
12.3304 6.91334 0.363419 1.6933 13.5215 3.4583 -0.801805 -2.28416 -0.155047 0.367074 -0.605948 -0.0862472 2.62199 5
12.5383 7.72181 0.95236 1.04254 13.8384 3.94854 -0.107513 -1.9097 0.456544 -0.504465 0.53821 0.290277 1.31099 5
12.8032 9.28842 0.00231424 2.12698 13.246 4.25084 -0.375287 0.484061 -0.276176 0.315244 -0.077841 0.695862 3.49598 5
12.8032 9.28842 -0.338876 2.12698 12.8174 3.02809 -0.9152 1.79543 0 0 -0.251122 0.609939 2.18499 5
12.8032 9.28842 -0.696035 2.12698 12.7835 2.28889 -0.251315 1.12688 0 0 0.514639 -0.51826 1.31099 5
12.8032 9.28842 -0.531615 2.12698 12.6973 2.13741 -0.559824 0.996788 0 0 -0.717461 -0.302531 0.436998 5
12.8032 9.28842 -0.481463 2.12698 12.574 1.86251 -0.846283 1.28193 0 0 -0.666184 0.663117 0.436998 5
