1 9 0 0 3 9 0 0 0 0 0 0 0 1
1.03295 9.00131 0.153397 0.0594718 3.04949 9.00308 0.230709 0.0931544 0.356738 0.138306 0.536532 0.216638 0.436998 1
1.08964 9.0088 -0.0905014 -0.539253 3.70243 9.04961 0.530488 0.0542409 -0.141802 -0.348096 0.17429 -0.0226241 1.74799 1
0.997475 9.03886 -0.362711 -0.166221 3.86617 9.04511 0.232465 -0.13364 -0.633046 0.867516 -0.693076 -0.436932 0.436998 1
1.13742 9.10266 0.589842 0.33948 3.60445 8.83541 -0.748623 0.863146 0.738413 0.392017 -0.760533 0.772702 1.31099 1
2.01053 9.31661 0.805912 0.150871 3.40986 8.54779 0.2106 1.41623 0.167497 -0.146209 0.743584 0.42875 1.31099 1
3.01836 9.35203 0.761145 -0.0828407 3.36121 8.13203 -0.859606 1.46538 -0.0347031 -0.181172 -0.829617 0.0381005 1.31099 1
3.15935 9.01129 -0.905186 1.48247 3.4805 7.5285 0.130098 2.56244 -0.968797 0.910062 0.575409 0.637824 1.74799 2
2.9798 7.15382 -0.334789 1.4635 2.98626 8.10995 0.381719 2.06927 0.189501 -0.00630201 0.0835952 -0.163846 3.05898 3
3.51017 6.44356 -0.770275 2.78281 3.00706 7.64759 -0.914548 1.56627 -0.25319 0.767042 -0.753644 -0.292437 1.74799 3
3.73456 6.36117 -0.341571 2.79869 3.03077 7.27464 -0.825012 1.70469 0.996986 0.0369243 0.208223 0.321892 0.436998 3
4.14421 6.35941 -0.6259 -2.86803 3.32082 6.68907 -0.723163 2.37146 -0.330615 0.716828 0.118429 0.775321 0.873995 3
4.4612 6.38261 -0.861312 3.03427 3.55614 6.47463 -0.75785 2.43318 -0.547469 -0.885791 -0.0806679 0.143537 0.436998 3
4.81052 6.39405 -0.769836 -2.96343 3.7775 6.31986 -0.500757 2.64404 0.212733 0.66393 0.597892 0.490357 0.436998 4
5.13848 6.36158 -0.0115367 2.49914 3.91476 6.26831 0.161992 -2.86038 0.881744 -0.954208 0.770638 0.905546 0.873995 4
5.39697 6.3601 -0.400374 -2.8172 3.98091 6.35158 -0.321763 -2.23701 -0.301425 0.749493 -0.375004 0.483231 1.31099 4
5.50169 6.38554 0.152517 2.81688 3.91453 6.28748 0.535833 -2.35408 0.642897 -0.754779 0.997205 -0.136131 0.873995 4
5.62546 6.37728 -0.440528 3.12327 3.73122 6.0873 0.0956543 -2.24508 -0.689588 0.356275 -0.511835 0.126746 0.873995 4
5.80416 6.35904 -0.395974 2.95341 3.70728 6.06633 0.0532988 -2.63621 0.103615 -0.395028 -0.0985011 -0.909613 0.436998 4
6.77209 6.37358 -0.735883 -2.96041 3.5169 5.75441 0.381537 -1.81071 -0.197621 0.214748 0.190836 0.479947 1.74799 4
7.09244 6.3745 -0.761976 2.96819 3.48735 5.53651 0.642759 -1.61695 -0.0606809 -0.824614 0.607493 0.450606 0.436998 4
7.43479 6.28631 -0.883942 2.81456 3.41945 5.24309 0.765344 -1.96925 -0.283642 -0.357284 0.28508 -0.819319 0.436998 4
7.87971 6.24991 -0.169114 -2.83335 3.19505 4.53071 0.973927 -1.78983 0.831195 0.738693 0.242539 0.20863 0.873995 4
7.97003 6.29506 -0.30205 -2.54956 3.18164 4.11245 0.983792 -1.4165 -0.309153 0.659966 0.0229407 0.86821 0.436998 4
8.27546 6.42661 -0.475125 -2.89455 3.46411 3.39103 0.833231 -0.966227 -0.201249 -0.401151 -0.17507 0.523573 0.873995 4
8.70549 6.48621 -0.536439 -3.10888 3.70534 2.66443 0.970146 -1.52017 -0.0712964 -0.249221 0.159203 -0.644122 0.873995 4
9.08299 6.44951 0.187548 2.36053 3.43378 2.47623 -0.949554 -0.538085 0.336738 -0.378496 -0.892884 0.456785 2.18499 4
8.65352 7.14065 0.763875 1.97171 3.28384 2.64659 0.72443 -0.0271945 0.335074 -0.226059 0.973247 0.297029 1.74799 4
8.65802 7.80151 0.815495 1.16516 3.99949 2.56324 0.953133 -0.196985 0.0600226 -0.937851 0.265934 -0.197431 0.873995 4
8.86849 8.12471 0.986666 0.832525 4.38831 2.54702 0.864427 0.118742 0.398073 -0.773572 -0.206294 0.73425 0.436998 4
9.15573 8.39652 -0.576186 1.7466 5.96989 2.40254 0.995254 -0.291299 -0.908635 0.531441 0.0760623 -0.238396 1.74799 4
9.1545 8.10067 -0.806476 1.40568 6.31809 2.36287 0.644604 0.0918224 -0.53556 -0.79284 -0.815464 0.890979 0.436998 4
9.13313 7.84059 -0.408999 1.59225 6.60653 2.38961 0.702751 0.0930567 0.924365 0.433887 0.135224 0.00287043 0.436998 4
9.15489 7.71175 -0.201406 1.92135 6.95825 2.43216 0.945244 0.145154 0.482774 0.765341 0.563937 0.121156 0.436998 4
8.71933 8.20583 0.814633 2.40095 8.21885 3.28855 0.531337 1.14306 0.472576 0.22307 -0.192515 0.464145 2.18499 4
8.49296 8.82305 0.258649 1.23914 8.36798 3.25426 -0.626425 2.32178 -0.430995 -0.900629 -0.89749 0.91373 1.31099 4
8.68927 8.53568 -0.418638 2.05105 8.50988 0.780555 -0.755495 0.977571 -0.175009 0.209797 -0.0333514 -0.34734 3.93298 4
9.05596 7.50198 -0.859926 1.8011 8.61105 0.5698 0.762342 -0.130316 -0.256563 -0.145321 0.882463 -0.64412 1.74799 4
9.0629 7.14901 -0.794616 1.3742 8.90309 0.520339 0.615705 -0.207975 0.151885 -0.992791 -0.341016 -0.180602 0.436998 4
9.00703 6.82327 -0.742771 1.42824 9.21334 0.420323 0.902837 -0.403406 0.120568 0.125672 0.667749 -0.45449 0.436998 4
9.27035 6.8475 0.940343 0.553581 9.95464 0.00462887 0.0882231 -0.700108 0.978555 -0.508523 -0.473613 -0.172501 1.74799 4
9.73908 7.08183 0.28057 0.333999 10.2706 -0.214142 0.806133 -0.551049 -0.767178 -0.255328 0.834779 0.173324 0.873995 4
9.84251 7.1438 0.284201 0.744741 10.5872 -0.382141 0.862023 -0.426031 0.00844333 0.955213 0.129976 0.29074 0.436998 4
9.88278 7.18225 -0.0252352 0.803271 10.9053 -0.607125 0.960604 -0.79848 -0.719619 0.136117 0.229258 -0.866162 0.436998 4
9.87563 7.09605 -0.11515 1.92866 11.3041 -0.911009 -0.180077 -0.224113 -0.0697016 0.872397 -0.884248 0.445246 1.31099 4
8.83119 7.63828 -0.870526 -1.76086 12.0771 -0.747362 0.587543 0.308465 -0.195188 -0.953366 0.198351 0.137617 3.93298 4
8.96642 8.01167 -0.983909 -2.06937 12.2486 -0.705558 0.234403 0.146468 -0.263682 -0.717468 -0.821257 -0.376738 0.436998 4
9.4571 8.81084 0.486027 3.04766 12.4493 -0.497927 -0.0567599 2.87773 0.427307 -0.338997 -0.0846404 0.79397 3.49598 4
9.56344 8.83474 -0.651254 -3.04219 12.4143 -0.42763 0.177305 1.8443 -0.881614 0.149873 0.181446 -0.801105 1.31099 4
10.0887 8.65867 0.643751 -0.774245 13.1539 0.36549 0.756282 0.158525 0.50194 0.879047 0.22441 -0.653401 2.62199 4
10.2236 8.57398 -0.436726 -1.58002 13.1539 0.36549 0.462747 0.158525 -0.837579 -0.624629 0 0 1.31099 4
10.2458 8.6931 -0.13079 -2.00774 13.1539 0.36549 0.206278 0.158525 0.711481 -0.9947 0 0 0.436998 4
12.3414 8.56229 -0.972441 2.38448 13.1539 0.36549 0.112755 0.158525 -0.195733 -0.439759 0 0 4.36998 4
