1 9 0 0 3 9 0 0 0 0 0 0 0 1
1.03295 9.00131 0.153397 0.0594718 3.04949 9.00308 0.230709 0.0931544 0.356738 0.138306 0.536532 0.216638 0.436998 1
1.08964 9.0088 -0.0905014 -0.539253 3.70243 9.04961 0.530488 0.0542409 -0.141802 -0.348096 0.17429 -0.0226241 1.74799 1
0.997475 9.03886 -0.362711 -0.166221 3.86617 9.04511 0.232465 -0.13364 -0.633046 0.867516 -0.693076 -0.436932 0.436998 1
1.13742 9.10266 0.589842 0.33948 3.60445 8.83541 -0.748623 0.863146 0.738413 0.392017 -0.760533 0.772702 1.31099 1
2.01053 9.31661 0.805912 0.150871 3.40986 8.54779 0.2106 1.41623 0.167497 -0.146209 0.743584 0.42875 1.31099 1
3.01836 9.35203 0.761145 -0.0828407 3.36121 8.13203 -0.859606 1.46538 -0.0347031 -0.181172 -0.829617 0.0381005 1.31099 1
3.15935 9.01129 -0.905186 1.48247 3.4805 7.5285 0.130098 2.56244 -0.968797 0.910062 0.575409 0.637824 1.74799 2
2.9798 7.15382 -0.334789 1.4635 2.98626 8.10995 0.381719 2.06927 0.189501 -0.00630201 0.0835952 -0.163846 3.05898 3
3.51017 6.44356 -0.770275 2.78281 3.00706 7.64759 -0.914548 1.56627 -0.25319 0.767042 -0.753644 -0.292437 1.74799 3
3.73456 6.36117 -0.341571 2.79869 3.03077 7.27464 -0.825012 1.70469 0.996986 0.0369243 0.208223 0.321892 0.436998 3
4.14421 6.35941 -0.6259 -2.86803 3.32082 6.68907 -0.723163 2.37146 -0.330615 0.716828 0.118429 0.775321 0.873995 3
4.4612 6.38261 -0.861312 3.03427 3.55614 6.47463 -0.75785 2.43318 -0.547469 -0.885791 -0.0806679 0.143537 0.436998 3
4.81052 6.39405 -0.769836 -2.96343 3.7775 6.31986 -0.500757 2.64404 0.212733 0.66393 0.597892 0.490357 0.436998 4
5.13848 6.36158 -0.0115367 2.49914 3.91476 6.26831 0.161992 -2.86038 0.881744 -0.954208 0.770638 0.905546 0.873995 4
5.39697 6.3601 -0.400374 -2.8172 3.98091 6.35158 -0.321763 -2.23701 -0.301425 0.749493 -0.375004 0.483231 1.31099 4
5.50169 6.38554 0.152517 2.81688 3.91453 6.28748 0.535833 -2.35408 0.642897 -0.754779 0.997205 -0.136131 0.873995 4
5.62546 6.37728 -0.440528 3.12327 3.73122 6.0873 0.0956543 -2.24508 -0.689588 0.356275 -0.511835 0.126746 0.873995 4
5.80416 6.35904 -0.395974 2.95341 3.70728 6.06633 0.0532988 -2.63621 0.103615 -0.395028 -0.0985011 -0.909613 0.436998 4
6.77209 6.37358 -0.735883 -2.96041 3.5169 5.75441 0.381537 -1.81071 -0.197621 0.214748 0.190836 0.479947 1.74799 4
7.09244 6.3745 -0.761976 2.96819 3.48735 5.53651 0.642759 -1.61695 -0.0606809 -0.824614 0.607493 0.450606 0.436998 4
7.43479 6.28631 -0.883942 2.81456 3.41945 5.24309 0.765344 -1.96925 -0.283642 -0.357284 0.28508 -0.819319 0.436998 4
7.87971 6.24991 -0.169114 -2.83335 3.19505 4.53071 0.973927 -1.78983 0.831195 0.738693 0.242539 0.20863 0.873995 4
7.97003 6.29506 -0.30205 -2.54956 3.18164 4.11245 0.983792 -1.4165 -0.309153 0.659966 0.0229407 0.86821 0.436998 4
8.27546 6.42661 -0.475125 -2.89455 3.46411 3.39103 0.833231 -0.966227 -0.201249 -0.401151 -0.17507 0.523573 0.873995 4
8.70549 6.48621 -0.536439 -3.10888 3.70534 2.66443 0.970146 -1.52017 -0.0712964 -0.249221 0.159203 -0.644122 0.873995 4
9.08299 6.44951 0.187548 2.36053 3.43378 2.47623 -0.949554 -0.538085 0.336738 -0.378496 -0.892884 0.456785 2.18499 4
8.65352 7.14065 0.763875 1.97171 3.28384 2.64659 0.72443 -0.0271945 0.335074 -0.226059 0.973247 0.297029 1.74799 4
8.65802 7.80151 0.815495 1.16516 3.99949 2.56324 0.953133 -0.196985 0.0600226 -0.937851 0.265934 -0.197431 0.873995 4
8.86849 8.12471 0.986666 0.832525 4.38831 2.54702 0.864427 0.118742 0.398073 -0.773572 -0.206294 0.73425 0.436998 4
9.15573 8.39652 -0.576186 1.7466 5.96989 2.40254 0.995254 -0.291299 -0.908635 0.531441 0.0760623 -0.238396 1.74799 4
9.1545 8.10067 -0.806476 1.40568 6.31809 2.36287 0.644604 0.0918224 -0.53556 -0.79284 -0.815464 0.890979 0.436998 4
9.13313 7.84059 -0.408999 1.59225 6.60653 2.38961 0.702751 0.0930567 0.924365 0.433887 0.135224 0.00287043 0.436998 4
9.15489 7.71175 -0.201406 1.92135 6.95825 2.43216 0.945244 0.145154 0.482774 0.765341 0.563937 0.121156 0.436998 4
8.71933 8.20583 0.814633 2.40095 8.21885 3.28855 0.531337 1.14306 0.472576 0.22307 -0.192515 0.464145 2.18499 4
8.36086 8.46468 -0.127199 2.82513 8.68347 4.08892 0.905376 0.962301 -0.730102 0.328822 0.289953 -0.140127 1.31099 4
8.9385 7.81658 -0.906702 1.98521 9.92389 4.91626 0.870037 0.209093 -0.4532 -0.488327 -0.0205463 -0.437911 1.74799 4
9.05361 7.48721 0.377112 1.23488 10.5173 5.14257 0.120364 0.624655 0.995204 -0.581652 -0.581141 0.32214 1.31099 4
9.16309 7.79719 0.132566 1.22634 11.0903 5.22673 0.795859 -0.143021 -0.189571 -0.00662026 0.523639 -0.595097 1.31099 4
9.1245 8.42376 0.855014 1.87847 11.7311 4.84577 0.39715 -1.0298 0.560037 0.505533 -0.309077 -0.687425 1.31099 4
9.00659 8.68762 0.492545 2.12574 11.881 4.6417 0.781893 -0.862819 -0.84295 0.575028 0.894753 0.388325 0.436998 4
8.91648 9.0279 -0.184218 0.302861 12.2332 3.88705 0.00730215 -1.67116 -0.314774 -0.847849 -0.360275 -0.375972 2.18499 4
9.221 9.1752 0.577431 0.482365 12.8401 3.42013 0.943595 -0.149099 0.44282 0.104363 0.544356 0.884918 1.74799 4
9.99163 8.88961 0.0771384 -1.8156 13.7654 3.69321 -0.465392 2.81394 -0.16621 -0.763443 -0.468102 0.9844 3.05898 4
9.6899 8.58051 0.608493 -2.65429 13.6577 3.5149 0.712463 -2.28921 0.411903 -0.650148 0.913065 0.914755 1.31099 4
9.95532 8.50147 -0.835651 3.10041 13.4164 3.31446 -0.459456 -1.47199 -0.671695 -0.245809 -0.545079 0.3801 2.18499 4
10.6805 8.5007 -0.289062 -3.08702 13.4073 3.53769 0.112977 -1.72967 0.423712 0.0742302 0.443747 -0.199749 1.31099 4
11.0502 8.58535 -0.596216 -2.78139 13.3696 3.15145 0.789816 -1.63087 -0.357156 0.355381 0.787022 0.11488 0.873995 4
11.3637 8.68876 -0.939811 -2.8589 13.3704 2.88513 0.449859 -1.4925 -0.799059 -0.180247 -0.790597 0.321779 0.436998 4
11.675 8.71831 -0.52484 3.00888 13.3374 2.61186 0.837084 -1.85292 0.965049 -0.966061 0.900524 -0.838179 0.436998 4
12.267 8.51071 -0.942237 2.63519 13.1896 2.0553 0.502273 -1.80383 -0.485345 -0.434527 -0.389315 0.0570874 0.873995 4
12.267 8.51071 -0.987135 2.63519 13.4934 0.849119 0.988417 -0.939356 0 0 0.282642 0.502599 1.74799 4
