1 9 0 0 3 9 0 0 0 0 0 0 0 1
1.03295 9.00131 0.153397 0.0594718 3.04949 9.00308 0.230709 0.0931544 0.356738 0.138306 0.536532 0.216638 0.436998 1
1.08964 9.0088 -0.0905014 -0.539253 3.70243 9.04961 0.530488 0.0542409 -0.141802 -0.348096 0.17429 -0.0226241 1.74799 1
0.997475 9.03886 -0.362711 -0.166221 3.86617 9.04511 0.232465 -0.13364 -0.633046 0.867516 -0.693076 -0.436932 0.436998 1
1.13742 9.10266 0.589842 0.33948 3.60445 8.83541 -0.748623 0.863146 0.738413 0.392017 -0.760533 0.772702 1.31099 1
2.01053 9.31661 0.805912 0.150871 3.40986 8.54779 0.2106 1.41623 0.167497 -0.146209 0.743584 0.42875 1.31099 1
3.01836 9.35203 0.761145 -0.0828407 3.36121 8.13203 -0.859606 1.46538 -0.0347031 -0.181172 -0.829617 0.0381005 1.31099 1
3.15935 9.01129 -0.905186 1.48247 3.4805 7.5285 0.130098 2.56244 -0.968797 0.910062 0.575409 0.637824 1.74799 2
2.9798 7.15382 -0.334789 1.4635 2.98626 8.10995 0.381719 2.06927 0.189501 -0.00630201 0.0835952 -0.163846 3.05898 3
3.51017 6.44356 -0.770275 2.78281 3.00706 7.64759 -0.914548 1.56627 -0.25319 0.767042 -0.753644 -0.292437 1.74799 3
3.73456 6.36117 -0.341571 2.79869 3.03077 7.27464 -0.825012 1.70469 0.996986 0.0369243 0.208223 0.321892 0.436998 3
4.14421 6.35941 -0.6259 -2.86803 3.32082 6.68907 -0.723163 2.37146 -0.330615 0.716828 0.118429 0.775321 0.873995 3
4.4612 6.38261 -0.861312 3.03427 3.55614 6.47463 -0.75785 2.43318 -0.547469 -0.885791 -0.0806679 0.143537 0.436998 3
4.81052 6.39405 -0.769836 -2.96343 3.7775 6.31986 -0.500757 2.64404 0.212733 0.66393 0.597892 0.490357 0.436998 4
5.13848 6.36158 -0.0115367 2.49914 3.91476 6.26831 0.161992 -2.86038 0.881744 -0.954208 0.770638 0.905546 0.873995 4
5.39697 6.3601 -0.400374 -2.8172 3.98091 6.35158 -0.321763 -2.23701 -0.301425 0.749493 -0.375004 0.483231 1.31099 4
5.50169 6.38554 0.152517 2.81688 3.91453 6.28748 0.535833 -2.35408 0.642897 -0.754779 0.997205 -0.136131 0.873995 4
5.62546 6.37728 -0.440528 3.12327 3.73122 6.0873 0.0956543 -2.24508 -0.689588 0.356275 -0.511835 0.126746 0.873995 4
5.80416 6.35904 -0.395974 2.95341 3.70728 6.06633 0.0532988 -2.63621 0.103615 -0.395028 -0.0985011 -0.909613 0.436998 4
6.77209 6.37358 -0.735883 -2.96041 3.5169 5.75441 0.381537 -1.81071 -0.197621 0.214748 0.190836 0.479947 1.74799 4
7.09244 6.3745 -0.761976 2.96819 3.48735 5.53651 0.642759 -1.61695 -0.0606809 -0.824614 0.607493 0.450606 0.436998 4
7.43479 6.28631 -0.883942 2.81456 3.41945 5.24309 0.765344 -1.96925 -0.283642 -0.357284 0.28508 -0.819319 0.436998 4
7.87971 6.24991 -0.169114 -2.83335 3.19505 4.53071 0.973927 -1.78983 0.831195 0.738693 0.242539 0.20863 0.873995 4
7.97003 6.29506 -0.30205 -2.54956 3.18164 4.11245 0.983792 -1.4165 -0.309153 0.659966 0.0229407 0.86821 0.436998 4
8.27546 6.42661 -0.475125 -2.89455 3.46411 3.39103 0.833231 -0.966227 -0.201249 -0.401151 -0.17507 0.523573 0.873995 4
8.70549 6.48621 -0.536439 -3.10888 3.70534 2.66443 0.970146 -1.52017 -0.0712964 -0.249221 0.159203 -0.644122 0.873995 4
9.08299 6.44951 0.187548 2.36053 3.43378 2.47623 -0.949554 -0.538085 0.336738 -0.378496 -0.892884 0.456785 2.18499 4
8.65352 7.14065 0.763875 1.97171 3.28384 2.64659 0.72443 -0.0271945 0.335074 -0.226059 0.973247 0.297029 1.74799 4
8.65802 7.80151 0.815495 1.16516 3.99949 2.56324 0.953133 -0.196985 0.0600226 -0.937851 0.265934 -0.197431 0.873995 4
8.86849 8.12471 0.986666 0.832525 4.38831 2.54702 0.864427 0.118742 0.398073 -0.773572 -0.206294 0.73425 0.436998 4
9.15573 8.39652 -0.576186 1.7466 5.96989 2.40254 0.995254 -0.291299 -0.908635 0.531441 0.0760623 -0.238396 1.74799 4
9.1545 8.10067 -0.806476 1.40568 6.31809 2.36287 0.644604 0.0918224 -0.53556 -0.79284 -0.815464 0.890979 0.436998 4
9.13313 7.84059 -0.408999 1.59225 6.60653 2.38961 0.702751 0.0930567 0.924365 0.433887 0.135224 0.00287043 0.436998 4
9.15489 7.71175 -0.201406 1.92135 6.95825 2.43216 0.945244 0.145154 0.482774 0.765341 0.563937 0.121156 0.436998 4
8.71933 8.20583 0.814633 2.40095 8.21885 3.28855 0.531337 1.14306 0.472576 0.22307 -0.192515 0.464145 2.18499 4
8.36086 8.46468 -0.127199 2.82513 8.68347 4.08892 0.905376 0.962301 -0.730102 0.328822 0.289953 -0.140127 1.31099 4
8.9385 7.81658 -0.906702 1.98521 9.92389 4.91626 0.870037 0.209093 -0.4532 -0.488327 -0.0205463 -0.437911 1.74799 4
9.50594 6.62956 -0.317444 2.06029 10.1155 5.07567 -0.706792 -0.434538 0.274073 0.0349208 -0.733409 -0.299364 2.18499 4
9.57753 6.43452 -0.65125 1.81328 9.80293 5.22447 -0.903441 -0.453276 -0.776292 -0.574445 -0.457324 -0.0435746 0.436998 4
9.71205 6.14839 -0.828163 2.19213 9.49252 5.38812 -0.728973 -0.519387 -0.411427 0.881058 0.40574 -0.153748 0.436998 4
10.0019 5.67432 -0.465383 2.03201 9.22219 5.49727 0.0479025 -0.0815219 0.421838 -0.186184 0.903344 0.509146 0.873995 4
10.2738 5.44127 -0.111044 3.04417 8.63009 5.55114 -0.969681 -0.0949748 0.274681 0.784614 -0.788824 -0.0104286 1.31099 4
10.857 5.11709 -0.938023 2.39564 8.18295 5.61423 0.269638 -0.315382 -0.641069 -0.502733 0.960713 -0.170858 1.31099 4
11.1203 4.85689 -0.783904 2.3263 8.36859 5.54588 0.650615 -0.381138 0.358417 -0.161249 0.885992 -0.152921 0.436998 4
11.6825 4.87628 0.937115 0.381416 8.53831 5.31176 -0.551485 0.936652 0.800474 -0.904598 -0.559116 0.612926 2.18499 4
12.0299 4.9515 0.724357 0.030112 8.43101 5.16161 -0.306908 0.966912 -0.494786 -0.816986 0.568785 0.0703712 0.436998 4
12.5784 5.16565 0.672871 0.722861 8.34146 4.69809 -0.813194 1.68409 -0.0598677 0.805522 -0.588705 0.833923 0.873995 4
13.1322 5.33845 0.715932 -0.109219 8.33012 3.92694 -0.98498 1.436 0.0500709 -0.967535 -0.199751 -0.288474 0.873995 4
13.1594 5.37186 -0.692829 -0.298654 8.30127 3.0027 -0.0930779 1.7222 -0.819047 -0.110137 0.518548 0.166396 1.74799 4
12.4316 5.20534 -0.524594 0.800178 8.5233 2.47542 -0.798401 2.11321 0.130414 0.851807 -0.546762 0.303107 1.31099 4
12.2611 4.7323 -0.677526 1.61477 9.09078 2.00596 -0.945401 2.76911 -0.177828 0.947199 -0.17093 0.762684 0.873995 4
12.3379 4.40058 -0.914097 1.96405 9.37416 1.84294 -0.581778 2.44414 -0.550165 0.812274 0.845635 -0.755762 0.436998 4
12.7288 3.89442 -0.59328 2.53356 9.57201 1.6446 -0.0709804 2.2028 0.373044 0.662226 0.59395 -0.280622 0.873995 4
12.9995 3.77554 -0.789537 2.90434 9.61917 1.59919 -0.234511 2.49515 -0.456413 0.862282 -0.380303 0.679879 0.436998 4
13.7517 4.37203 -0.130778 -0.933873 10.3504 1.80889 -0.428274 -2.10815 0.255333 0.947663 -0.0751019 0.651118 2.62199 4
13.4616 4.68274 -0.858911 -0.750572 10.3659 1.85138 0.328161 -2.37057 -0.846666 0.21314 0.879575 -0.305135 0.873995 4
13.0278 5.5681 -0.321168 -1.61214 10.9017 1.61791 -0.993372 2.4688 0.312641 -0.500914 -0.768333 -0.839427 1.74799 4
12.8249 6.03222 -0.885225 -0.828387 11.3119 1.01251 -0.736215 1.83219 -0.65588 0.911346 0.29902 -0.740244 0.873995 4
12.6511 6.38403 -0.0458429 -1.64152 11.3717 0.716 0.0321233 1.63555 0.976026 -0.945502 0.893417 -0.228654 0.873995 4
12.6491 6.42864 -0.0582339 -1.41802 11.4851 0.463567 -0.680126 2.15872 -0.0144081 0.259884 -0.828196 0.608334 0.873995 4
12.6481 6.43497 0.0288811 -1.8298 11.6701 0.272499 -0.564071 2.53301 0.202593 -0.957634 0.269895 0.870443 0.436998 4
13.2362 6.75673 -0.837452 -3.02237 11.9435 -0.516986 -0.478495 1.23877 -0.503682 -0.693356 0.0497533 -0.752463 1.74799 4
13.7945 7.54725 -0.227676 -0.922023 12.2998 -0.446576 0.770154 0.322515 0.283617 0.976907 0.580767 -0.426166 2.18499 4
13.3608 7.78471 -0.943087 -0.223015 12.8394 -0.0498043 0.812485 0.939998 -0.831873 0.8128 0.0492219 0.718003 0.873995 4
12.7318 7.97985 -0.590182 -0.391617 12.9817 0.680933 0.972081 1.79121 0.410355 -0.196048 0.185577 0.989786 0.873995 4
12.8981 8.39203 0.980899 1.13347 12.9817 0.680933 0.98041 1.79121 0.913419 0.886681 0 0 1.74799 4
